1296
1295
1294
1293
1286
1284
1282
1280
1279
1278
1275
1270
1269
1268
1267
1262
1261
1260
1251
1248
1236
1235
1232
1231
1230
1221
1220
1218
1217
1216
1212
1211
1210
1209
1208
1206
1205
1191
1190
1189
1187
1186
1185
1184
1176
1172
1170
1169
1168
1167
1165
1164
1163
1155
1154
1151
1150
1144
1141
1140
1137
1134
1133
1126
1125
1121
1120
1112
1109
1099
1096
1092
1090
1087
1086
1075
1074
1072
1071
1070
1068
1067
1066
1065
1059
1056
1055
1054
1053
1045
1044
1043
1042
1026
1023
1022
1015
1009
1008
998
997
995
994
988
987
985
984
983
981
980
979
967
966
964
963
962
955
954
952
950
949
948
942
941
939
938
937
923
922
892
881
876
873
872
871
870
868
863
862
860
859
858
851
847
846
843
838
837
834
827
825
824
820
819
818
814
812
811
791
790
789
785
784
783
773
771
756
755
753
752
751
747
746
745
733
732
728
727
721
720
711
710
709
707
706
705
699
697
696
695
692
691
689
688
683
679
673
672
666
665
656
655
653
652
650
649
648
645
644
640
638
637
636
631
630
625
623
622
615
609
608
606
596
595
590
586
585
579
570
569
568
566
565
564
563
562
561
560
558
557
556
555
554
547
546
541
535
534
532
530
529
528
526
525
524
523
510
505
504
499
498
497
495
494
483
481
480
476
475
472
470
469
462
461
457
456
455
445
444
443
439
438
435
434
423
422
421
419
418
417
416
408
403
400
399
398
395
393
392
378
377
376
374
373
372
371
370
369
368
367
353
351
350
342
340
335
334
333
332
327
321
320
319
313
311
310
309
307
306
305
297
289
286
283
282
280
278
277
275
274
273
272
269
268
255
254
253
251
250
249
248
244
237
235
233
231
230
229
228
225
224
217
216
214
213
212
209
208
207
203
198
197
196
191
190
189
188
185
184
183
174
166
163
162
161
160
159
155
154
153
151
148
142
141
138
137
136
135
134
132
131
130
127
126
125
122
121
120
119
108
107
101
97
91
90
89
83
80
76
75
74
65
64
63
60
59
57
51
42
41
29
28
26
25
24
23
22
21
15
14
12
11
9
8
7
3
2
2
1
1
1
1
3
2
2
1
1
1
1
3
2
2
1
1
1
1
30
29
29
28
28
28
27
27
28
27
27
26
26
27
26
26
25
25
25
27
26
26
27
26
26
27
25
25
26
26
24
24
24
24
25
25
25
25
23
23
23
23
25
24
25
24
25
24
25
24
24
26
24
25
26
25
26
25
25
25
24
25
24
24
23
26
23
23
23
23
24
22
24
23
24
23
25
22
23
24
22
24
25
23
22
25
25
24
22
22
23
24
24
23
23
25
24
25
23
23
24
24
22
24
24
22
24
25
23
23
23
24
23
24
24
23
24
24
23
25
25
22
24
22
22
22
23
22
22
23
24
22
22
23
24
24
24
24
21
21
21
21
21
21
22
22
21
21
23
23
23
22
21
21
21
21
22
22
23
23
21
21
21
21
22
22
22
22
23
23
23
23
23
23
23
23
20
20
20
20
20
20
20
20
20
20
20
20
21
21
21
21
20
20
20
20
22
22
22
22
24
22
22
21
21
20
20
20
20
20
20
20
20
21
21
21
21
22
22
22
22
20
20
20
20
20
21
23
24
24
22
22
23
22
23
23
24
24
24
23
21
24
24
21
22
23
23
22
21
21
23
24
22
22
22
22
23
22
24
23
21
21
21
21
23
24
22
22
21
23
23
21
21
23
21
21
23
23
24
23
23
21
23
22
22
21
23
22
23
22
22
22
23
24
24
22
23
22
23
23
22
22
23
23
22
24
23
23
23
24
22
23
23
22
22
22
22
22
22
23
23
21
21
21
26
20
21
21
20
20
21
26
21
21
22
22
22
22
22
21
21
21
21
21
21
21
21
21
21
21
21
22
22
22
22
20
20
20
20
20
20
25
25
19
19
20
20
20
20
19
19
20
20
25
25
19
20
20
20
20
21
21
21
21
21
22
20
20
20
20
20
20
20
20
20
20
20
20
20
20
20
20
20
20
20
20
20
20
20
21
21
21
21
21
21
21
21
19
19
19
19
19
19
19
19
19
19
21
21
22
22
22
20
23
23
21
23
21
22
23
22
22
23
21
24
24
21
21
21
23
23
22
21
21
21
22
21
22
22
22
23
22
21
21
22
22
20
22
22
21
22
21
20
20
23
23
22
22
22
22
21
20
22
21
20
22
20
21
20
20
22
21
21
21
20
20
23
22
21
20
21
21
21
20
22
22
23
22
22
22
23
22
23
23
22
22
23
23
24
24
24
24
18
19
19
18
19
19
18
19
19
19
22
18
21
19
21
20
20
22
22
21
19
19
19
20
20
20
20
20
20
20
19
21
21
19
20
21
20
20
22
22
20
22
22
22
21
20
22
20
20
22
22
22
22
19
20
20
20
19
19
19
22
22
19
22
19
21
19
21
20
21
19
20
20
20
22
20
21
23
22
23
23
21
22
20
23
22
19
19
22
20
21
21
22
20
21
22
19
19
20
23
21
21
20
18
21
22
19
23
20
21
20
22
20
19
21
23
17
20
20
22
18
18
23
21
17
21
23
18
17
23
20
18
20
21
22
22
23
22
23
22
18
20
18
18
21
18
17
18
18
22
17
22
21
17
18
21
19
20
23
20
19
19
21
19
21
21
20
20
18
18
19
18
18
19
19
21
19
18
18
19
19
18
20
18
16
17
17
17
17
19
19
19
19
21
19
19
19
19
19
20
18
19
18
21
19
19
19
21
21
21
21
21
21
19
21
21
21
21
18
18
18
17
19
21
19
21
19
19
19
18
19
18
18
19
18
18
20
19
20
20
19
18
18
20
18
20
19
22
17
18
19
22
17
19
20
17
20
20
21
20
17
20
20
18
21
16
21
19
20
19
21
19
19
19
21
19
18
18
21
21
18
18
21
19
21
21
18
19
19
21
19
18
18
21
21
18
18
16
23
22
19
21
19
21
19
21
19
19
19
21
19
20
16
20
22
22
22
21
19
20
19
18
16
21
19
18
19
20
22
18
18
20
18
19
20
20
18
17
16
20
18
20
21
21
17
17
15
17
19
15
20
21
18
17
18
21
18
18
20
20
19
20
16
19
16
22
21
20
22
19
20
20
22
17
20
17
22
22
21
18
18
19
19
17
20
19
30
29
29
28
28
28
28
27
27
27
27
27
27
27
27
26
26
26
26
26
26
26
26
26
26
26
26
26
26
25
25
26
26
25
25
25
25
25
25
25
25
25
25
25
25
25
25
25
25
25
25
25
25
25
25
25
24
25
25
24
24
24
24
24
24
24
24
24
24
24
24
25
24
25
24
24
23
23
24
24
24
25
24
25
25
24
24
24
24
24
24
24
24
24
24
24
24
24
24
24
24
24
24
23
24
23
23
24
24
23
23
23
23
24
23
23
23
23
22
23
24
23
24
22
23
23
23
22
23
23
23
23
23
23
23
23
23
23
23
23
23
23
23
24
22
23
23
22
23
23
22
22
23
23
23
23
23
23
22
22
22
23
22
22
22
22
23
21
22
22
22
21
21
22
21
23
22
21
21
22
22
22
22
22
22
22
22
22
22
22
22
22
22
22
22
23
23
22
22
22
22
22
21
22
22
22
21
21
22
21
21
21
21
21
22
21
22
22
21
22
21
21
21
21
21
22
21
22
21
22
20
21
20
21
20
21
21
21
21
21
21
21
20
22
21
21
22
24
22
21
21
21
21
21
21
21
21
20
22
20
20
21
22
21
22
21
21
21
22
21
22
22
20
24
21
21
21
21
21
21
21
21
24
21
23
23
23
22
22
21
24
23
22
21
20
21
21
24
22
23
22
21
24
23
24
23
22
23
23
22
22
23
22
22
22
21
23
21
22
22
22
21
23
22
21
22
24
21
23
21
20
20
20
23
20
24
22
22
20
24
21
22
22
23
23
23
21
22
22
24
22
22
22
22
22
22
21
21
21
22
23
21
22
21
24
24
22
21
24
22
23
21
21
20
24
23
23
23
21
23
20
22
20
23
24
20
23
21
20
22
23
23
22
23
21
23
21
21
20
24
20
20
24
23
21
21
23
20
23
20
20
20
23
21
23
21
23
23
23
22
20
20
20
21
20
21
20
20
23
20
19
20
19
19
19
21
21
21
21
23
22
23
21
22
23
22
20
21
21
19
19
23
24
21
23
20
23
22
23
21
20
20
20
20
19
19
23
23
22
22
22
22
22
22
20
20
22
22
19
19
21
21
19
19
22
22
23
23
19
19
22
22
20
20
19
19
21
21
22
22
22
22
21
21
22
22
20
20
22
22
20
20
20
20
19
19
23
23
19
19
19
19
23
23
22
22
20
20
20
20
22
22
19
19
22
22
19
19
19
19
19
19
22
22
20
20
21
21
23
20
23
22
23
21
20
23
20
23
21
22
20
20
21
23
21
21
21
21
21
21
21
22
21
19
21
21
22
22
21
19
21
19
23
19
21
21
19
22
20
19
21
21
20
22
23
21
19
21
22
19
20
21
21
21
20
20
21
20
20
20
22
21
22
20
20
21
21
22
22
20
22
20
21
22
21
20
21
21
20
20
20
20
21
22
20
20
21
21
21
21
20
22
20
20
22
21
20
20
20
19
21
20
21
20
22
22
20
20
20
20
20
20
20
18
18
20
22
20
20
23
22
20
23
18
20
23
20
19
18
21
20
20
22
21
20
19
23
20
21
23
20
21
22
22
19
20
19
20
21
19
21
20
21
22
22
20
19
20
20
19
19
21
21
19
20
21
20
21
20
22
20
23
19
20
20
22
21
21
19
20
18
23
21
21
18
19
21
21
20
20
21
21
20
19
20
18
22
19
19
20
20
18
19
20
17
17
18
20
19
19
18
22
18
19
19
18
20
20
17
19
18
17
19
20
20
20
20
20
20
20
21
18
18
22
18
18
18
18
20
19
22
18
20
20
19
19
19
21
19
20
19
19
19
19
19
19
20
19
20
19
17
20
20
20
20
19
19
19
19
18
30
29
29
28
28
28
27
28
27
27
27
27
27
26
26
26
26
26
26
26
26
26
25
25
25
25
25
25
24
24
24
24
25
25
25
24
25
24
24
24
24
23
23
23
23
25
25
25
24
25
23
25
24
24
24
24
24
23
23
24
25
23
24
22
22
24
24
23
23
22
23
24
24
22
22
24
24
22
23
22
23
23
23
23
22
23
23
23
23
23
22
23
24
24
22
22
22
21
21
23
23
23
21
22
22
23
21
22
22
21
24
21
21
23
22
20
20
21
21
21
21
20
20
23
23
20
20
22
20
20
22
22
21
21
19
19
19
19
20
20
20
20
20
20
20
20
19
19
19
19
22
22
22
22
19
19
19
19
23
23
21
21
19
19
19
19
21
21
21
21
20
20
20
20
18
18
18
18
18
18
18
18
19
19
19
19
21
20
19
19
19
19
19
19
19
19
19
19
19
19
18
18
18
18
18
18
18
18
21
26
21
21
21
21
18
22
22
22
21
21
22
22
22
22
21
23
21
22
22
21
21
23
21
21
20
22
21
22
22
22
22
22
20
22
22
22
22
21
20
21
20
22
22
21
22
22
21
18
21
21
21
22
22
22
18
22
18
18
19
20
18
20
20
20
20
21
19
20
21
18
23
23
20
23
18
21
20
18
20
21
20
21
21
21
23
22
23
20
24
21
20
20
20
19
21
19
20
21
20
20
22
18
24
19
21
20
18
24
24
21
18
20
20
21
21
17
21
24
21
20
21
19
20
20
20
20
20
21
21
20
21
21
20
17
18
21
19
19
20
21
17
22
17
20
21
18
19
19
19
20
17
21
19
20
17
17
20
20
19
19
17
22
19
22
22
19
17
19
20
19
20
19
19
19
20
17
20
17
23
20
19
21
19
17
20
20
18
19
19
22
19
19
18
19
18
19
22
19
21
23
22
19
21
20
22
19
20
22
23
18
17
23
23
20
21
23
19
23
20
17
20
17
19
20
18
18
19
19
19
17
20
19
18
16
19
19
16
19
19
18
18
20
19
18
19
18
18
19
18
16
16
16
18
18
16
19
19
19
18
18
16
19
16
18
19
21
21
16
21
18
16
16
18
18
18
18
18
20
19
18
18
18
19
16
16
18
18
18
25
21
20
17
20
18
16
18
19
18
16
17
19
19
20
21
20
21
17
21
21
21
18
21
19
15
15
15
17
17
17
17
17
19
24
16
20
20
19
16
17
19
17
17
17
19
18
15
15
17
15
17
18
18
19
20
19
16
19
16
15
18
20
19
20
20
20
22
20
20
20
18
20
17
18
16
22
20
19
21
23
16
14
16
20
20
14
21
19
16
20
14
19
18
18
20
14
16
15
19
15
15
14
19
18
19
16
16
22
16
16
14
17
18
18
17
19
17
16
20
17
19
16
14
16
17
20
19
19
17
18
19
20
19
15
20
19
19
16
17
14
19
17
18
20
19
20
20
15
21
19
19
18
19
18
14
19
19
21
17
17
19
16
20
21
16
17
18
19
18
19
21
15
18
21
19
15
19
15
20
19
19
15
17
19
16
17
19
17
20
18
15
18
18
19
14
14
17
18
15
21
19
13
19
19
15
17
17
16
15
13
18
18
18
15
14
13
19
13
20
17
18
15
15
13
13
14
15
12
18
18
21
15
20
16
16
17
13
18
17
16
16
15
15
19
19
17
17
19
18
16
19
17
16
17
19
16
18
18
21
19
22
21
22
22
18
16
18
22
18
18
18
19
18
16
19
19
19
16
22
19
18
13
22
16
18
20
16
18
20
15
20
16
17
18
21
19
17
19
16
19
17
18
18
13
18
18
17
18
21
18
19
22
17
17
19
13
18
18
18
18
18
18
17
18
17
19
15
15
17
20
20
17
18
20
19
20
18
17
17
17
18
18
15
17
18
15
17
17
14
15
15
16
15
15
17
23
18
15
15
16
18
14
16
20
15
18
15
15
18
23
16
22
20
13
14
20
17
14
14
17
15
17
18
12
12
19
18
14
18
18
16
12
12
18
12
16
18
17
16
13
18
13
18
20
11
15
16
16
18
17
16
17
16
17
20
17
20
18
15
14
11
23
15
15
15
18
20
14
16
15
15
12
23
18
17
14
14
15
16
18
20
18
19
19
16
17
17
14
14
14
14
14
17
15
18
14
17
19
16
18
15
15
14
14
14
11
11
17
18
17
17
16
16
13
14
14
15
15
19
19
18
16
14
15
20
19
18
18
19
18
17
19
18
18
14
19
17
22
22
18
18
18
18
15
16
16
16
13
13
13
13
13
13
13
13
13
16
16
20
23
19
15
18
16
16
16
21
18
16
13
19
17
14
14
17
16
16
18
15
15
14
14
14
13
13
13
13
13
10
10
10
10
16
16
13
18
17
18
18
16
12
16
16
19
19
18
16
18
14
18
17
15
17
19
23
19
19
16
17
17
16
19
17
16
16
16
16
15
18
23
12
14
17
14
17
17
17
22
16
13
16
18
16
21
14
17
21
15
18
23
22
14
14
19
13
15
21
17
15
15
14
19
17
19
14
17
17
19
12
16
19
14
16
18
18
17
17
15
17
17
16
18
13
15
17
15
17
13
15
13
11
17
17
11
17
14
17
15
18
19
18
17
16
14
19
18
18
15
18
12
17
11
17
17
13
13
13
15
11
11
18
17
16
16
13
16
19
18
17
18
16
19
14
15
18
18
17
17
18
17
17
19
18
19
20
15
15
17
17
15
19
19
18
17
16
14
18
17
11
16
18
18
16
18
19
16
18
17
18
20
16
17
17
16
16
16
16
14
14
16
16
16
16
15
15
17
17
12
12
14
14
16
16
14
14
16
16
12
12
14
14
12
12
10
10
16
16
16
16
10
10
16
16
13
13
16
16
14
14
17
17
18
18
17
17
16
16
15
15
13
13
18
18
17
17
17
17
14
14
17
17
14
16
13
17
11
11
16
16
10
10
16
16
16
16
12
12
12
12
12
12
14
14
10
10
10
10
17
17
16
16
15
15
15
15
12
12
15
15
18
18
17
18
13
18
19
19
14
14
18
18
18
18
17
13
17
17
16
16
10
10
15
15
17
15
15
17
17
18
15
15
17
17
16
17
19
15
15
16
16
16
16
15
15
15
15
15
15
15
15
13
13
13
13
15
15
15
15
15
15
15
14
14
14
14
16
16
16
16
11
11
11
11
13
13
13
13
15
15
15
15
13
13
13
13
15
15
15
15
11
11
11
20
17
20
17
17
13
13
18
14
12
15
25
21
14
17
20
21
13
15
17
18
21
14
17
18
17
17
17
14
16
21
17
16
13
17
21
19
15
19
15
14
19
18
17
16
16
16
19
21
22
20
14
17
13
20
20
17
19
22
18
17
17
16
16
16
18
21
21
17
12
21
16
18
16
21
15
17
16
15
15
18
12
15
14
15
19
14
17
16
22
19
17
16
12
18
20
18
21
18
16
18
17
17
22
15
17
17
13
13
15
11
13
17
17
13
15
21
15
11
16
16
17
18
18
17
17
19
17
17
22
16
18
15
15
20
17
22
13
17
17
15
17
12
15
17
12
14
15
15
15
17
14
17
22
17
17
17
12
20
20
14
11
16
19
16
16
16
11
14
19
16
14
15
17
19
15
16
17
13
16
17
21
19
19
18
21
17
17
17
11
18
16
15
15
16
20
17
18
17
16
18
16
16
17
14
16
16
16
17
18
14
18
19
14
13
16
18
13
18
22
15
18
16
14
18
14
13
18
17
15
15
17
17
19
17
22
15
22
15
12
18
18
13
19
16
18
17
15
18
18
18
10
17
13
16
18
17
15
16
17
17
17
15
10
17
10
15
18
11
15
21
15
15
19
15
14
16
18
12
17
12
17
14
17
14
12
13
15
16
15
14
15
18
13
17
16
15
14
18
15
13
14
15
15
12
17
12
14
13
17
17
16
18
13
17
17
14
18
17
17
17
17
16
16
15
16
15
14
20
15
16
13
13
13
15
13
14
13
11
20
16
16
16
16
15
21
16
22
16
15
20
14
14
17
14
14
17
13
17
16
11
17
15
14
14
14
18
21
15
16
16
11
15
21
14
14
12
12
13
15
18
12
19
15
13
13
16
16
13
16
15
20
16
18
17
10
17
22
21
21
17
11
16
19
12
14
14
19
19
15
20
14
16
17
12
14
12
14
13
21
15
11
11
14
14
13
12
14
21
16
16
13
22
17
15
14
16
19
21
14
15
18
16
16
19
19
23
12
21
16
16
16
16
18
15
17
13
16
11
16
15
15
12
23
23
12
16
16
16
15
14
14
16
15
12
14
14
14
13
13
16
16
15
13
13
14
18
16
13
15
19
16
19
13
13
13
13
15
15
15
15
12
12
16
14
15
12
12
12
12
13
20
17
12
19
16
14
15
12
14
16
16
15
14
11
15
13
14
14
11
19
18
18
20
19
20
19
20
20
19
19
20
18
20
20
19
17
17
17
17
17
17
17
17
17
17
18
18
17
18
18
17
18
18
19
17
20
18
19
17
18
13
14
11
13
15
15
15
15
11
18
18
18
18
18
18
18
18
18
17
18
17
18
17
18
18
17
17
18
17
18
17
17
17
17
17
17
17
18
17
18
17
17
14
14
13
10
20
20
20
20
22
21
20
21
21
21
21
20
21
21
21
21
21
21
21
21
17
19
19
18
18
19
19
18
18
16
17
18
17
17
16
16
17
18
18
18
19
19
19
19
15
15
20
14
16
14
14
14
16
11
11
13
15
11
13
13
13
14
14
11
14
14
17
15
14
14
15
11
16
19
16
15
19
16
13
14
13
15
15
10
10
10
10
12
12
14
14
10
10
12
12
12
12
13
12
13
13
13
10
10
13
13
13
13
22
13
14
14
10
15
17
19
19
19
21
12
14
14
17
17
16
11
13
11
13
11
18
12
14
19
19
20
20
20
20
23
23
13
17
10
21
13
10
21
20
20
13
18
14
11
14
16
13
18
20
17
13
13
15
14
16
16
16
14
21
15
12
11
16
16
19
19
12
18
15
18
12
20
10
22
19
19
18
20
20
18
18
20
22
15
12
12
19
18
12
12
16
11
11
20
18
21
18
21
14
18
21
21
18
18
20
19
18
14
18
14
16
12
12
11
22
20
22
11
13
22
22
22
18
20
16
19
16
16
24
13
17
19
18
18
18
18
18
19
16
15
17
15
19
17
17
18
18
15
18
18
15
14
9
15
18
15
19
19
18
17
17
17
17
17
18
15
14
16
14
14
18
18
17
17
17
17
16
16
17
17
17
14
14
17
17
17
17
14
14
13
13
8
8
14
14
16
16
18
20
15
20
15
20
17
20
15
17
17
17
17
17
17
17
17
14
14
18
17
17
16
16
16
16
16
16
16
16
17
14
17
17
14
14
13
13
15
13
13
13
17
17
17
16
16
16
16
16
16
16
16
15
15
15
15
16
16
16
16
16
16
13
13
13
13
16
16
16
16
16
16
16
16
13
13
13
13
12
12
12
12
7
14
14
15
15
18
12
14
12
15
14
14
20
15
20
12
19
11
19
17
18
12
10
15
18
19
23
10
23
17
17
20
12
15
13
17
10
13
13
14
17
16
15
18
18
18
16
22
16
19
14
16
16
16
20
15
15
15
15
13
16
15
16
18
18
16
19
12
12
17
16
13
17
16
18
15
19
19
17
18
16
16
19
19
20
13
14
21
12
14
10
16
16
14
10
17
16
15
15
17
17
14
14
18
18
16
16
11
16
13
16
13
17
17
15
15
18
18
18
18
19
19
12
12
13
13
20
20
11
11
13
13
9
9
15
15
15
15
13
13
9
9
16
16
15
15
14
14
14
14
16
16
16
13
13
13
13
17
17
17
17
15
15
13
13
17
12
14
14
16
15
14
16
12
15
16
15
15
13
15
15
15
15
15
15
15
15
15
15
16
16
16
12
14
12
13
13
15
16
18
18
16
16
17
19
19
18
18
12
21
13
19
18
17
19
17
15
18
16
19
12
17
18
14
9
15
14
9
13
9
18
14
15
14
17
17
16
14
19
14
14
18
18
18
18
19
14
18
14
16
16
16
18
15
18
18
18
12
17
13
13
16
16
16
16
16
17
15
13
21
15
15
18
10
12
12
14
14
14
13
13
14
14
12
12
15
13
13
15
18
18
13
13
17
13
17
17
17
17
13
13
15
17
17
14
14
17
14
15
15
14
18
17
16
16
18
18
18
17
17
16
16
17
12
12
12
12
15
15
11
13
17
18
17
13
17
18
17
17
19
19
11
11
20
21
21
17
17
21
21
20
11
11
17
16
18
18
15
17
17
17
17
17
21
17
21
17
17
17
14
14
11
16
16
13
18
13
15
15
19
21
15
21
19
10
20
10
13
14
14
16
15
16
19
17
15
17
13
15
17
15
12
18
17
13
17
12
12
17
17
17
16
16
20
20
17
17
15
11
15
10
13
17
17
17
17
17
10
17
19
17
17
17
13
16
16
16
16
19
19
19
17
19
17
16
16
16
16
17
17
16
14
13
14
14
15
15
14
14
14
19
18
11
20
13
14
14
14
17
14
22
22
15
15
17
14
20
20
20
16
16
14
14
14
15
11
11
11
20
17
17
16
16
12
17
12
17
19
19
15
16
16
16
15
16
19
13
14
17
13
19
13
19
14
15
16
13
15
14
13
18
15
14
14
10
15
15
15
15
10
14
15
14
15
15
15
14
13
9
15
9
16
15
16
15
14
15
15
15
13
13
14
12
14
18
18
18
13
12
12
17
14
15
18
13
12
12
8
14
14
13
14
13
13
17
17
19
13
15
15
19
18
18
17
17
17
17
13
13
18
18
18
17
18
18
17
16
18
17
17
17
16
17
15
15
12
15
12
17
12
17
15
12
12
14
21
14
12
17
15
12
15
12
12
12
13
13
11
11
12
12
12
12
12
12
12
12
12
12
15
15
17
17
11
11
15
15
16
17
18
16
14
14
12
12
11
13
13
13
12
12
13
13
12
12
12
15
17
15
20
17
17
20
15
15
16
12
14
14
14
14
18
18
17
17
17
17
16
16
16
16
16
16
16
16
12
12
12
12
17
17
17
17
15
14
14
14
13
13
13
13
13
16
13
12
12
12
12
12
12
9
12
12
12
9
12
9
9
9
9
9
15
16
9
15
12
15
17
12
15
16
17
12
13
14
16
10
13
15
14
14
11
11
11
10
14
14
14
15
15
16
16
15
15
15
11
15
11
18
18
18
15
18
13
17
15
17
13
17
14
16
16
17
15
17
17
14
22
22
18
16
18
18
18
18
18
16
15
15
16
16
16
16
18
18
14
14
15
15
15
15
15
15
16
16
16
21
21
13
15
20
13
13
20
20
12
16
20
20
22
21
14
14
22
16
14
13
13
14
17
17
15
15
13
13
13
13
11
11
11
11
10
12
12
12
12
11
11
11
11
12
14
18
18
12
18
13
16
14
13
18
18
16
18
14
13
13
15
15
13
13
15
15
18
18
14
18
13
13
17
14
16
17
16
17
16
16
16
17
18
16
14
16
17
17
18
17
17
16
18
18
17
10
14
13
13
15
14
16
18
14
17
11
10
16
16
12
12
14
8
12
16
19
17
17
16
10
11
15
13
8
8
14
15
9
13
9
13
15
13
9
9
15
9
15
9
15
9
11
9
15
11
15
11
11
15
15
15
12
15
15
15
13
13
16
12
15
16
12
15
13
12
16
15
17
17
17
16
16
15
15
15
15
17
16
15
16
14
14
12
12
17
14
12
13
14
12
16
17
16
16
17
16
13
16
16
16
13
16
16
13
17
13
16
16
16
16
16
14
12
20
17
12
15
10
10
9
15
10
10
15
15
11
15
15
15
15
15
15
9
15
9
9
15
11
11
11
11
11
11
11
11
11
11
13
13
11
13
9
13
9
9
9
16
9
16
15
16
15
16
9
9
14
14
14
15
14
11
14
14
11
14
15
11
14
14
14
14
16
17
17
16
17
17
14
14
14
20
16
14
16
16
19
17
17
18
18
18
18
13
17
17
17
17
17
13
13
17
12
16
17
13
16
15
15
16
15
14
9
9
14
14
16
16
16
14
14
16
15
15
15
14
9
16
14
17
14
17
16
14
9
16
17
15
16
14
14
18
18
14
15
15
15
15
14
15
14
14
14
14
14
15
14
14
14
14
14
14
14
14
12
12
12
12
12
14
14
14
14
14
12
14
13
14
14
13
13
13
13
13
13
15
15
15
15
10
10
10
15
12
12
10
12
12
12
10
12
10
14
14
14
14
14
14
12
12
12
12
14
12
12
15
15
10
14
14
14
12
14
14
16
14
15
12
14
10
12
14
14
14
12
10
14
14
12
14
14
15
12
15
13
10
14
14
14
14
10
10
10
10
18
14
15
16
19
16
19
16
17
17
12
16
16
16
12
12
12
19
13
13
24
13
13
16
20
15
15
11
11
16
16
11
14
14
14
13
19
20
16
19
12
16
16
16
20
13
16
17
16
16
13
16
16
13
15
17
16
15
20
20
16
16
15
12
15
12
20
20
16
16
18
18
18
14
14
17
18
13
13
15
15
16
16
15
21
18
16
20
19
13
13
21
16
12
19
12
18
20
21
16
16
15
15
15
17
17
15
20
16
20
20
16
15
15
20
15
15
11
20
11
20
14
15
15
16
14
15
16
17
17
14
14
14
14
11
11
14
14
13
13
21
18
18
11
16
11
16
15
15
17
17
19
9
14
19
19
20
20
17
17
17
15
15
17
16
16
16
17
21
21
16
14
14
16
16
16
12
12
12
12
10
16
10
14
14
12
16
16
12
16
12
16
20
14
10
20
10
14
16
16
17
15
15
15
15
14
14
17
16
16
16
16
13
18
17
16
16
11
16
16
19
14
21
15
14
21
17
21
15
14
16
21
18
18
16
16
19
16
17
14
16
16
12
16
16
11
16
13
13
11
16
14
16
14
13
14
14
16
13
16
16
14
14
14
14
14
14
14
9
9
9
11
11
13
13
13
13
13
13
13
13
13
13
13
11
11
11
11
11
11
11
14
9
9
13
13
13
19
19
16
16
10
13
13
10
18
18
15
15
15
15
15
15
15
15
10
13
10
13
18
14
14
18
16
16
14
14
12
16
15
16
15
20
20
17
17
16
10
17
14
15
15
16
17
14
16
14
19
15
15
16
17
16
14
16
10
19
17
15
13
15
15
17
16
16
16
15
15
15
15
15
13
15
17
18
13
17
17
13
17
16
18
15
12
17
12
15
17
17
15
14
17
17
12
13
13
17
17
13
12
13
21
14
18
14
18
21
16
14
17
17
17
11
17
12
11
12
17
17
15
18
15
18
14
14
16
16
17
17
17
9
9
17
17
16
16
15
15
12
12
13
16
16
15
16
14
16
9
14
9
16
17
14
9
10
10
17
9
16
14
14
14
20
14
20
14
14
13
18
14
15
17
17
14
18
15
13
11
16
11
11
16
11
16
13
14
14
14
15
11
11
15
14
12
16
14
17
17
16
12
17
14
13
14
14
13
11
13
16
11
16
12
16
16
16
12
17
12
17
15
16
17
17
16
13
16
13
16
16
16
16
16
15
15
15
16
15
14
14
17
15
18
18
15
19
17
13
13
13
13
16
16
17
17
12
12
12
12
14
14
14
15
15
15
15
19
19
18
20
15
14
13
13
14
14
15
15
14
12
12
12
12
13
12
12
12
14
12
14
13
12
10
19
10
15
15
15
15
14
15
15
13
16
10
10
16
16
14
14
13
13
17
20
20
14
14
15
15
15
10
10
15
13
13
11
12
11
13
11
13
16
17
19
14
16
14
14
14
15
15
12
15
12
15
14
14
17
15
15
16
16
19
17
9
9
16
20
20
18
18
13
18
18
18
19
19
13
13
15
15
11
11
13
11
11
13
12
12
20
20
14
14
10
13
10
10
10
12
13
11
13
11
12
13
13
13
20
20
15
15
15
12
13
13
15
15
18
18
17
17
15
15
18
18
22
20
15
15
20
15
15
15
15
17
17
14
16
12
10
10
17
18
18
18
17
10
14
16
19
11
15
19
12
15
19
21
15
19
9
11
17
21
14
22
22
22
22
15
15
11
11
14
15
15
15
14
13
13
14
13
13
13
13
12
12
8
9
9
9
10
15
14
11
16
16
11
11
15
15
14
14
14
15
15
14
14
13
13
13
13
16
16
14
14
17
17
17
17
14
14
18
18
16
11
11
11
12
14
14
18
18
15
15
12
12
12
12
12
12
12
14
14
11
12
11
11
11
11
11
12
11
16
11
13
14
10
10
16
22
19
22
19
15
19
12
19
19
12
8
11
13
10
14
12
12
14
13
17
10
18
13
13
17
18
16
16
19
17
19
16
16
17
16
19
16
16
16
16
16
16
16
12
12
10
10
12
12
15
15
16
18
18
13
13
15
19
17
17
17
17
12
12
17
17
17
17
17
17
18
18
18
18
12
12
12
12
14
14
16
16
17
17
16
16
17
16
16
17
16
17
17
19
17
18
16
17
17
19
18
16
17
17
16
17
16
16
18
12
10
14
14
14
17
17
17
14
17
17
17
17
14
17
10
17
17
17
17
14
17
16
17
17
17
17
16
16
16
17
17
17
17
16
16
17
17
16
16
17
16
16
17
16
16
16
16
16
16
17
16
16
16
16
16
17
17
17
17
13
13
16
12
16
16
17
17
16
17
17
14
16
16
16
16
16
9
12
13
9
12
13
21
19
21
19
19
20
19
20
20
19
20
19
20
19
19
20
20
20
20
20
19
20
20
20
20
20
20
20
20
20
20
20
20
18
20
16
20
20
18
17
17
18
18
17
18
18
17
17
17
18
18
17
20
17
16
17
15
15
16
16
15
16
17
17
17
15
16
16
17
17
18
18
18
18
18
18
17
18
18
14
10
18
16
16
18
12
12
9
13
13
12
13
17
16
14
10
11
19
19
13
13
15
13
13
13
15
13
14
16
14
16
13
13
10
13
15
18
18
15
15
18
12
12
16
16
17
17
17
10
16
16
20
20
13
13
21
21
21
21
21
21
21
21
14
14
14
14
10
10
10
10
13
13
14
14
14
14
14
14
13
13
12
12
12
12
13
12
12
12
14
12
9
11
9
9
11
11
9
9
13
11
9
9
13
9
9
13
13
11
12
12
12
9
12
9
12
12
12
12
9
12
11
12
12
12
13
12
21
13
12
12
12
9
21
12
12
13
9
14
14
9
13
16
16
18
18
18
18
18
20
18
11
20
11
13
13
13
13
16
16
16
10
15
12
12
10
10
10
12
12
10
10
15
17
17
13
13
22
22
19
19
12
12
16
9
20
20
9
16
18
9
9
20
20
19
19
19
19
12
12
17
17
13
10
10
13
13
13
12
15
12
17
17
19
19
16
16
12
12
13
13
15
15
15
15
13
13
20
20
11
11
14
10
15
15
15
15
18
18
18
18
11
11
17
17
14
14
17
17
11
11
19
9
9
18
18
18
18
21
21
17
19
19
17
17
17
19
17
21
21
19
14
14
11
11
11
11
18
18
17
17
11
11
15
11
11
15
10
20
17
17
20
13
13
20
20
17
17
20
20
17
17
17
17
18
18
17
13
13
17
17
11
10
19
19
21
19
15
15
15
15
15
12
16
17
17
18
16
17
17
18
17
17
17
17
17
17
16
14
10
12
10
12
12
14
18
12
18
19
22
13
17
10
16
18
15
16
16
18
9
9
9
15
15
21
21
13
12
9
17
17
12
12
12
12
16
16
17
17
15
15
16
16
18
18
15
15
15
15
16
16
15
15
18
18
16
13
13
16
16
15
15
16
16
16
16
16
16
16
13
13
13
7
7
7
15
14
15
15
19
19
14
19
15
19
14
14
17
14
16
17
16
16
19
19
19
16
16
16
16
16
16
14
19
16
16
16
16
13
13
13
16
16
16
16
16
17
13
16
16
16
15
16
15
15
15
15
15
16
15
15
17
15
15
15
15
15
15
16
15
15
15
15
15
15
16
16
16
16
16
16
16
16
15
15
15
15
16
16
16
16
15
15
15
15
16
16
15
15
15
16
16
15
15
15
15
15
15
15
15
15
15
15
15
16
16
15
15
15
15
15
16
12
12
15
12
16
16
15
14
15
14
15
15
14
14
14
15
15
15
15
15
12
12
15
15
15
12
15
12
12
12
12
15
12
15
15
15
15
15
15
15
15
15
15
15
15
12
15
12
15
15
12
12
11
12
11
12
11
12
12
11
11
11
11
11
6
6
13
13
13
13
14
14
11
11
13
14
14
13
13
19
19
19
14
11
11
18
18
11
17
17
17
11
14
9
14
18
9
19
14
14
9
12
12
12
16
13
16
13
17
17
17
15
15
14
14
17
14
14
12
12
15
17
17
17
17
15
15
16
16
12
14
17
14
17
17
14
17
17
17
18
16
14
17
16
11
11
11
18
18
18
11
17
12
12
12
12
19
10
10
19
19
19
12
12
8
8
10
8
10
12
8
12
12
14
14
12
14
14
14
8
12
14
14
8
15
13
8
13
12
13
14
15
13
14
14
15
15
8
14
13
13
15
15
15
15
12
12
15
12
12
16
12
16
16
12
12
16
16
16
16
14
12
14
13
12
14
15
16
14
12
12
12
11
13
15
16
13
15
16
13
14
14
15
13
11
14
15
11
14
14
14
13
14
12
14
14
11
15
12
15
14
14
14
14
14
14
14
14
14
14
14
14
14
14
14
14
15
15
15
15
15
11
11
13
14
13
14
11
15
12
11
12
14
14
15
12
17
17
17
17
10
14
11
16
10
16
16
17
18
22
17
12
9
10
9
10
10
13
8
13
8
12
8
14
21
14
11
18
15
14
12
11
12
16
9
12
15
16
11
15
17
18
15
11
17
18
17
18
12
20
20
12
17
18
17
18
16
16
11
16
17
11
15
8
8
14
13
13
12
15
15
15
17
12
12
16
8
12
8
8
8
17
15
15
15
15
15
15
15
15
15
15
16
16
12
12
14
14
14
14
17
17
9
9
11
13
12
13
13
11
13
11
12
13
11
13
11
12
13
12
11
13
11
13
13
11
12
12
14
12
14
12
12
16
16
12
17
17
20
12
12
8
8
8
8
12
12
12
10
10
11
11
11
11
11
11
8
8
11
8
11
11
11
11
18
15
15
17
17
14
12
12
12
16
16
16
16
16
16
12
12
12
16
16
14
12
12
16
16
16
14
16
14
13
16
13
16
13
13
13
15
16
13
14
14
13
17
14
17
17
15
15
17
16
16
16
17
17
17
15
17
14
13
15
16
15
15
15
16
11
14
14
11
11
14
11
11
11
11
14
17
16
16
16
16
12
12
17
16
10
19
16
16
19
20
20
20
20
20
19
20
16
17
17
15
14
16
16
17
16
16
15
16
16
16
20
16
16
17
16
16
20
14
20
20
16
16
13
16
13
13
13
12
10
14
10
12
15
15
14
20
18
18
9
19
9
19
9
9
12
12
13
13
13
13
15
15
14
14
15
15
16
14
16
16
16
14
14
11
11
17
17
16
11
16
15
16
16
15
16
15
16
11
15
16
16
19
19
16
19
19
16
16
16
14
16
16
18
16
16
16
12
12
15
15
15
15
18
18
18
18
16
18
18
16
15
15
12
13
13
13
14
13
13
14
13
13
12
14
14
13
13
13
13
13
18
17
17
18
19
19
12
12
13
13
21
13
13
21
13
21
21
13
16
14
16
14
14
14
13
19
15
11
16
15
15
15
15
11
16
18
18
16
11
18
18
14
14
15
15
15
15
15
15
14
14
15
15
18
16
12
12
18
13
13
14
17
18
14
13
22
19
16
12
17
12
21
14
17
12
11
12
14
15
16
19
14
9
14
12
14
14
14
14
14
14
14
14
15
21
21
12
12
17
14
14
15
15
15
17
17
8
8
8
8
8
8
13
14
13
14
14
14
16
7
11
13
17
7
11
17
11
16
16
16
16
17
17
17
17
17
15
16
17
16
16
15
16
16
16
16
16
16
15
16
15
16
14
14
14
14
20
20
20
18
15
13
12
14
16
14
16
16
13
11
20
13
11
11
14
13
16
14
16
11
11
11
20
13
14
11
14
11
14
11
11
12
11
12
11
11
11
10
12
10
12
10
11
11
11
11
11
11
11
11
11
11
11
11
11
11
11
14
14
14
11
10
16
16
10
16
10
14
14
10
11
16
11
11
19
11
11
12
16
11
16
16
16
11
16
11
14
14
14
14
14
19
19
19
14
16
16
16
18
16
16
17
13
16
16
15
15
16
16
15
15
15
16
17
15
16
15
15
15
15
15
17
13
17
15
15
15
11
11
11
11
11
16
16
15
11
16
11
16
16
16
13
13
13
13
13
13
14
16
12
12
12
12
12
15
12
12
12
15
11
12
11
11
11
11
11
11
11
8
11
11
8
11
8
8
11
8
8
8
8
15
8
15
8
14
11
11
12
11
14
11
11
16
8
8
14
11
11
8
14
12
11
16
16
14
11
14
8
11
12
11
11
14
8
8
15
16
11
16
15
12
13
13
14
13
10
13
13
12
14
9
10
14
13
14
13
15
15
10
10
9
13
15
10
15
13
14
10
14
14
14
14
14
14
10
10
10
10
14
14
17
17
17
14
17
17
17
17
14
17
16
14
12
12
14
16
16
13
15
16
14
16
12
12
16
15
16
14
13
16
15
16
21
13
16
14
16
13
16
21
15
21
17
17
15
17
15
17
21
17
17
17
15
14
17
17
15
17
17
15
15
15
14
15
14
17
15
17
15
14
15
17
15
17
13
17
14
13
14
14
15
14
14
14
14
14
14
13
14
14
13
15
15
15
15
20
12
20
20
14
15
12
20
12
19
14
12
19
19
19
11
19
15
11
15
14
12
19
21
19
21
19
20
21
19
15
15
19
12
13
20
12
12
13
12
13
13
13
16
13
12
13
16
21
14
12
16
16
14
12
13
12
12
12
10
12
10
10
10
10
9
11
11
10
11
9
11
11
10
11
10
10
10
10
11
11
17
13
10
10
14
12
17
12
14
11
10
10
10
11
13
11
17
17
11
17
13
17
15
13
15
12
12
17
12
17
17
12
17
13
13
17
17
15
14
14
12
17
17
12
12
14
14
14
13
12
14
12
12
16
17
13
17
12
17
17
13
15
13
16
15
16
16
15
15
15
15
17
15
16
15
16
13
13
15
15
16
16
16
15
12
15
16
16
15
15
16
17
17
17
16
16
15
16
16
17
17
17
17
15
17
12
12
12
18
14
21
14
16
12
17
17
9
19
19
16
15
15
12
15
13
16
16
12
15
17
11
11
11
15
16
15
15
15
15
13
13
14
14
16
17
13
13
15
13
15
9
9
15
9
13
10
10
15
15
16
16
11
11
11
13
7
11
13
7
11
11
15
15
16
16
16
18
18
16
12
9
14
15
9
7
14
10
10
15
15
15
15
13
13
12
15
13
10
9
10
13
7
14
7
7
14
14
7
18
18
12
14
8
14
8
14
8
8
12
8
10
14
8
14
8
8
14
10
8
14
10
10
14
14
8
8
10
14
10
14
14
10
14
14
14
14
14
8
10
11
11
14
14
12
12
14
14
14
12
11
15
12
15
11
14
15
15
11
14
14
11
12
12
11
11
14
14
15
14
14
14
16
15
16
16
15
16
15
15
16
14
15
14
14
14
16
14
16
14
16
14
15
15
15
14
14
15
14
11
11
13
13
13
13
13
11
11
13
16
16
11
12
11
13
13
11
16
15
15
15
16
16
12
16
15
12
15
15
15
12
15
15
11
15
15
15
15
12
15
16
15
12
12
15
15
15
15
12
15
15
16
14
9
14
14
9
14
14
9
8
9
14
14
14
14
14
14
10
10
9
14
14
8
14
8
8
14
14
8
14
8
14
10
8
10
10
10
10
10
10
10
10
12
12
10
10
10
12
10
10
12
10
12
8
8
12
12
12
8
8
8
8
8
15
15
15
14
14
14
15
14
8
15
15
8
15
15
8
8
13
8
8
13
13
14
13
13
13
13
14
13
10
10
10
10
13
14
13
13
13
13
13
13
13
10
10
14
13
15
13
13
13
13
16
16
15
16
15
16
16
16
16
15
13
15
15
15
15
13
16
17
17
16
16
16
17
16
12
12
17
16
12
16
17
12
16
16
15
16
15
16
15
15
13
15
15
13
12
13
8
14
15
13
8
12
13
13
15
14
14
13
8
13
15
15
14
15
14
14
13
8
13
12
12
16
8
15
8
16
16
11
14
16
15
17
16
14
15
13
16
13
16
17
13
17
13
13
15
16
14
17
15
14
13
13
13
16
8
8
13
14
13
15
13
15
14
13
14
15
16
14
15
16
14
15
17
15
17
14
14
13
14
14
13
14
13
14
13
14
13
14
13
13
13
13
13
13
13
14
13
11
11
13
13
11
13
13
13
11
13
13
13
13
14
13
13
14
11
13
11
13
13
13
13
13
11
13
11
13
13
13
13
12
13
12
12
12
13
12
13
13
11
12
13
13
13
13
14
9
11
11
14
9
9
14
11
9
9
9
9
11
11
13
11
11
13
11
11
14
12
11
11
14
11
14
11
11
11
13
11
9
14
9
13
11
13
13
14
13
14
13
13
13
13
13
13
14
11
11
13
9
13
13
13
13
11
9
11
13
13
13
11
11
13
14
9
13
15
11
14
15
14
11
13
13
9
12
13
9
13
12
13
11
9
9
13
13
9
9
13
14
11
13
13
13
13
9
9
9
9
13
9
14
18
15
16
15
16
15
15
16
18
11
11
15
15
12
15
12
18
11
11
15
11
11
15
18
16
12
23
23
12
15
11
12
15
12
12
14
12
19
19
10
14
15
10
10
14
14
10
15
10
15
13
10
13
13
15
13
15
18
19
13
12
18
12
15
19
15
18
13
11
18
15
15
15
15
15
11
12
15
19
15
12
19
15
15
15
16
16
15
12
12
15
15
15
16
14
12
14
16
19
15
14
19
15
14
19
15
19
14
14
11
11
14
11
19
15
19
11
19
15
15
15
17
15
17
17
17
15
14
14
17
12
15
15
15
14
14
20
15
15
18
12
12
15
11
15
17
11
17
19
20
19
15
17
20
15
15
14
14
14
14
14
15
14
19
19
19
16
15
14
14
15
14
14
14
14
10
19
10
19
14
14
15
19
13
15
15
10
12
12
20
19
17
16
15
14
13
11
16
10
14
19
13
20
16
19
15
14
19
14
18
14
16
13
16
13
16
16
19
15
13
11
13
18
14
14
19
14
13
13
13
10
13
13
10
13
10
10
20
12
13
12
17
20
17
17
10
15
15
10
10
14
14
17
10
16
16
16
16
13
15
13
12
14
15
14
12
21
16
13
15
13
11
14
12
11
18
15
15
12
12
12
13
19
12
13
12
16
12
12
12
16
12
20
10
10
16
12
14
14
12
15
14
16
16
14
9
16
14
19
16
18
14
19
19
16
18
8
14
16
16
15
16
14
15
16
15
16
20
20
15
13
20
13
16
19
15
15
13
13
13
15
15
16
15
11
15
15
14
15
16
15
11
20
15
11
15
11
9
9
9
9
11
11
13
13
13
15
11
15
11
15
11
11
11
15
19
15
15
13
11
15
11
13
11
15
19
9
19
15
19
9
9
9
13
13
13
15
15
16
15
16
14
14
14
13
14
14
14
16
15
14
16
13
15
15
15
15
12
16
17
17
15
15
15
15
16
15
18
15
15
20
13
14
20
20
13
13
16
16
20
14
20
15
17
13
15
18
15
15
15
15
16
13
17
15
15
11
15
15
10
20
20
14
18
15
10
15
15
10
13
18
11
15
15
15
13
15
12
13
20
16
15
13
15
17
14
13
15
17
15
10
14
12
12
15
15
13
15
15
10
13
12
12
13
13
15
13
15
13
12
15
12
15
13
13
15
15
12
12
10
13
15
13
15
13
13
13
13
13
13
13
13
13
13
8
8
13
8
13
8
8
10
8
10
10
10
12
12
12
12
12
12
12
12
12
12
12
12
12
12
12
12
12
12
12
12
12
12
10
10
10
10
10
10
10
10
10
10
10
10
8
13
10
8
8
12
8
13
12
12
10
18
18
12
18
18
15
15
9
15
15
12
12
12
9
12
12
12
17
17
17
14
14
17
14
14
14
14
14
14
14
14
14
14
14
9
9
9
14
9
12
12
12
12
13
17
17
15
9
14
15
9
14
15
13
11
13
13
13
15
15
14
14
11
15
19
14
19
15
16
16
19
16
16
14
19
9
15
16
15
9
16
14
13
14
13
15
15
13
16
16
14
13
15
18
14
14
14
13
14
18
14
13
15
15
16
15
16
13
13
15
9
15
9
15
14
18
18
16
12
14
14
14
12
14
14
15
14
15
15
15
14
14
14
15
12
16
15
14
16
14
14
14
14
16
14
12
14
17
16
16
12
14
12
17
15
16
16
12
16
16
12
8
11
15
16
16
17
11
14
11
16
14
16
11
14
16
16
16
16
16
16
14
13
16
12
14
11
12
11
11
16
12
12
12
12
16
13
11
16
20
20
12
12
13
16
13
17
17
15
17
13
20
13
16
15
13
16
16
10
10
16
16
16
10
10
16
16
17
11
20
13
11
11
16
11
16
14
17
14
16
14
17
14
13
17
13
13
15
15
15
13
16
16
15
8
8
16
16
16
15
16
15
16
8
14
16
15
14
14
14
15
11
11
11
16
11
17
16
16
8
15
15
13
8
15
13
15
8
15
8
8
13
8
16
16
13
13
15
16
15
8
9
8
13
13
15
13
19
13
13
16
19
13
13
19
13
13
13
19
17
17
12
13
12
14
13
14
13
16
16
13
17
17
16
10
14
12
10
15
13
13
10
13
14
14
14
13
10
14
15
10
12
11
11
10
16
15
12
10
15
13
16
13
10
15
12
13
13
13
10
10
13
15
13
16
15
10
11
15
16
11
16
16
15
13
13
12
16
13
12
13
12
12
10
10
10
10
15
15
15
15
11
11
15
15
15
15
15
16
14
16
16
16
15
12
15
15
16
15
12
15
11
15
12
15
15
12
15
15
15
15
14
15
14
14
16
15
14
12
16
12
12
12
12
12
15
15
15
12
12
15
11
11
16
16
16
16
11
11
13
13
13
11
13
13
13
14
14
14
18
18
18
14
14
14
18
19
12
17
14
14
19
17
13
13
13
12
13
14
14
11
12
11
11
14
12
13
12
14
12
11
11
11
11
13
11
11
11
11
13
13
13
11
11
13
12
12
9
11
18
9
11
14
9
14
14
18
14
14
14
14
13
14
14
14
14
15
12
14
15
9
9
12
9
9
9
13
15
15
15
13
15
12
12
16
19
13
13
13
12
13
19
12
14
19
19
14
13
13
13
16
14
14
14
9
14
9
9
14
9
14
12
11
11
12
10
10
10
12
10
12
16
11
13
11
14
11
13
14
18
16
14
13
15
14
14
15
16
16
18
8
8
15
15
15
8
8
14
15
19
19
19
14
10
10
12
12
10
10
10
12
10
12
11
10
10
11
11
19
19
19
11
19
9
13
13
13
13
9
9
9
12
9
12
11
11
12
9
9
9
12
12
12
10
10
10
11
12
12
10
12
12
19
12
19
11
12
19
14
14
19
14
11
12
12
14
12
11
14
14
17
14
14
12
14
17
14
16
17
17
16
16
16
14
14
14
14
17
17
19
19
17
17
21
21
14
14
14
14
19
14
14
14
14
14
14
14
16
16
16
14
16
19
15
13
15
11
13
11
9
9
17
17
10
14
20
18
14
14
18
18
10
18
11
18
14
18
14
18
11
20
14
18
17
8
7
13
8
8
11
14
11
9
7
13
14
15
9
10
14
10
13
10
14
14
14
13
13
14
14
14
14
13
12
12
12
12
12
15
15
13
13
13
12
10
10
13
13
12
15
15
8
15
13
16
16
16
16
15
17
17
13
16
12
10
16
13
12
17
15
13
12
8
13
13
15
17
10
10
15
10
10
11
13
13
13
17
14
17
11
14
17
11
17
14
11
11
11
11
13
11
11
11
11
16
10
13
11
13
11
11
10
10
10
13
14
11
11
16
10
13
13
11
13
11
10
13
10
10
10
10
10
10
10
11
10
10
10
15
12
10
13
10
12
11
13
15
15
15
15
16
10
10
12
10
14
8
12
14
18
14
16
15
13
11
9
15
15
16
14
20
14
18
11
11
14
16
20
12
11
12
14
16
16
10
16
13
18
13
8
15
16
11
11
11
11
11
11
17
20
20
11
13
15
10
8
13
13
13
9
12
12
12
12
12
12
12
12
12
12
13
16
17
16
17
13
17
16
16
15
15
11
10
16
16
17
11
11
15
11
15
10
13
10
17
13
13
10
13
10
12
12
14
17
12
12
13
13
18
18
11
18
11
18
18
11
11
16
13
13
9
9
13
12
11
11
16
15
15
15
15
11
15
15
15
11
15
15
11
9
9
11
9
11
11
11
14
9
14
14
14
11
15
15
17
17
17
12
17
14
14
12
12
12
18
16
16
18
16
16
11
11
16
16
16
16
16
11
16
16
16
11
16
16
16
16
16
16
16
17
17
16
17
17
17
17
11
17
11
17
11
11
11
13
11
11
13
11
15
15
13
15
13
16
15
15
16
16
15
16
16
15
15
15
16
15
16
16
15
15
16
18
16
18
16
16
15
16
15
16
17
17
15
16
16
17
18
16
16
18
15
16
15
16
16
17
15
16
15
15
15
16
16
15
15
15
17
17
9
13
9
13
11
11
13
13
16
13
13
16
16
13
16
16
13
16
16
16
16
16
16
16
16
16
16
13
13
16
9
16
16
16
16
16
16
9
16
15
15
16
16
15
16
16
12
16
15
11
12
12
16
15
16
15
15
15
16
15
16
15
16
16
15
16
11
12
16
16
16
13
13
16
15
15
15
15
15
15
8
15
15
15
8
15
12
11
11
8
8
12
11
11
12
20
20
12
18
20
20
18
19
18
18
18
19
19
19
18
18
18
19
19
19
19
19
19
19
19
19
18
19
19
18
19
19
19
18
19
19
19
19
19
19
19
19
19
19
19
19
19
19
19
19
19
19
19
19
17
19
19
17
19
19
19
15
19
17
17
16
16
16
16
17
17
17
16
19
15
17
17
17
16
16
16
16
16
17
17
16
16
17
16
17
17
16
19
16
15
16
17
19
14
16
14
16
15
14
15
15
16
15
14
15
16
16
16
14
16
16
15
14
15
15
14
17
16
17
16
16
17
15
15
17
17
17
16
17
14
15
17
17
16
17
17
17
17
17
16
13
17
17
13
11
15
11
13
11
9
9
13
9
9
8
11
11
16
11
11
16
11
11
16
11
15
16
15
15
16
11
13
16
11
11
13
15
12
15
12
13
12
13
13
13
15
12
12
15
12
15
12
9
14
12
12
15
9
17
14
17
14
17
14
14
17
17
14
11
15
15
11
16
16
15
16
16
9
16
15
17
15
15
11
16
15
15
19
19
9
11
12
12
19
19
12
20
20
20
20
20
20
20
20
20
20
13
20
13
20
13
13
13
13
9
9
9
9
9
9
12
16
12
16
12
15
16
11
13
11
15
11
11
11
18
18
13
13
11
13
13
13
12
13
13
13
13
15
15
14
16
14
15
13
11
12
12
12
13
9
13
13
20
13
20
13
13
13
13
12
13
12
11
11
11
11
9
12
20
13
13
12
13
11
12
11
11
11
11
11
11
11
13
11
13
13
10
11
8
8
11
12
10
11
10
8
8
10
8
8
10
8
8
8
8
12
12
8
10
10
8
8
8
12
11
8
11
11
11
8
11
11
8
11
11
10
11
11
11
12
11
11
12
20
12
11
11
11
11
11
10
11
20
20
11
10
8
12
11
11
8
20
12
11
11
11
12
13
13
8
13
13
8
12
15
8
12
17
17
15
17
17
8
17
15
19
17
17
17
17
17
17
10
19
12
10
12
15
10
10
19
12
17
12
15
12
12
12
15
15
9
14
14
15
15
9
11
16
16
21
12
12
12
14
21
16
21
18
18
11
11
21
11
18
12
16
9
15
19
12
11
19
15
8
8
15
8
19
19
17
15
8
8
8
8
19
19
15
8
19
18
19
19
18
17
18
18
18
18
18
11
16
11
11
16
11
16
16
12
9
12
9
12
9
9
18
12
12
12
12
11
14
11
12
16
14
11
16
16
16
18
11
15
15
18
18
18
11
11
11
11
12
12
14
14
12
12
15
15
14
14
14
14
14
12
14
12
19
12
19
19
12
13
19
14
14
9
9
14
14
14
17
17
17
17
10
14
10
13
10
13
16
13
14
16
14
17
16
16
16
13
17
17
16
10
10
10
18
8
8
8
17
17
17
17
17
17
16
20
16
20
16
18
18
16
20
18
16
20
16
20
18
20
16
8
16
18
10
17
16
20
18
13
18
13
13
17
16
10
13
10
10
10
10
17
17
17
18
18
20
10
16
10
16
17
16
10
17
16
10
10
16
16
10
10
14
10
14
10
10
10
9
14
10
9
19
16
16
16
19
16
19
12
19
12
12
19
19
19
16
19
19
19
19
16
16
16
16
16
16
17
17
17
16
17
16
16
19
12
16
12
16
16
16
12
18
20
18
16
18
14
20
14
9
16
16
14
14
16
15
15
16
16
16
17
16
17
16
16
16
16
16
16
16
16
16
16
15
17
16
15
16
16
17
16
16
14
9
11
13
14
15
15
18
15
12
20
9
17
9
17
15
13
13
8
10
15
11
11
16
12
13
13
16
15
15
20
18
20
13
13
10
11
9
15
17
10
14
13
12
10
14
13
12
13
10
14
13
13
14
8
13
15
13
12
12
16
16
11
13
13
11
13
11
13
17
11
17
11
18
17
11
17
18
16
16
16
16
15
16
11
11
14
15
14
15
15
16
15
16
15
15
17
17
15
17
17
14
14
14
14
14
14
15
15
21
8
8
9
21
9
9
9
17
14
15
17
17
16
17
14
10
10
11
14
11
16
15
15
15
15
14
11
11
13
13
15
11
9
13
13
16
14
13
12
17
11
14
14
15
14
14
14
15
17
17
14
14
12
12
12
12
15
17
14
14
15
15
14
15
14
15
15
15
15
15
14
15
15
15
15
15
15
15
15
12
12
15
12
6
6
12
12
6
12
6
6
6
14
14
13
14
14
13
14
14
18
18
18
13
13
18
14
18
18
13
18
16
13
14
13
13
18
16
13
16
15
15
15
16
15
13
15
18
15
15
15
15
15
15
15
15
18
18
18
15
13
15
15
15
15
15
15
15
15
12
15
12
12
15
12
15
15
15
15
15
15
15
15
15
12
15
12
12
15
15
16
16
15
15
14
15
15
14
15
14
15
14
14
14
14
14
14
15
14
14
14
14
16
15
14
14
14
14
14
14
16
14
14
14
14
14
14
15
14
14
14
14
14
15
14
14
14
14
14
14
14
15
14
15
15
15
15
15
15
15
15
15
15
15
15
15
15
14
15
14
14
14
14
14
14
14
15
15
15
14
15
14
15
15
14
15
15
14
14
14
14
14
15
14
14
14
15
14
15
15
15
14
14
15
14
15
14
14
14
14
14
15
14
14
14
14
14
14
14
14
14
14
14
14
14
14
14
14
14
14
14
15
15
15
14
15
14
14
14
14
14
14
14
14
15
15
11
11
11
14
11
14
14
15
15
15
15
11
11
13
13
14
14
14
14
14
14
14
13
13
14
13
13
13
13
13
13
14
14
14
14
14
11
14
11
11
11
11
14
11
11
11
11
14
11
11
11
14
14
11
14
14
11
14
14
11
11
14
14
14
14
14
14
14
14
14
14
14
14
14
14
14
11
14
14
11
11
14
14
14
11
14
14
11
11
10
11
10
10
14
11
11
14
14
11
10
11
10
10
10
11
11
11
11
11
10
10
10
10
10
10
10
10
5
12
5
10
5
5
12
12
12
12
12
13
13
13
10
13
10
12
10
12
10
12
13
12
12
12
13
12
13
13
18
18
18
18
12
15
13
15
16
13
12
16
12
13
15
16
17
10
18
16
13
17
14
14
16
14
12
13
18
10
11
13
13
9
13
14
11
13
17
13
13
15
17
13
13
13
19
14
16
9
13
14
13
13
13
9
14
15
15
12
15
12
12
13
10
13
13
18
10
10
13
10
18
8
10
16
10
8
16
16
16
13
8
17
17
10
13
10
17
13
8
13
8
18
17
13
13
13
18
8
13
8
11
11
14
16
14
12
14
14
16
13
16
16
13
13
13
13
11
13
13
13
11
14
16
16
14
16
16
11
16
16
14
14
14
16
15
15
13
16
16
11
13
13
16
16
17
17
16
16
16
16
15
15
16
13
13
10
16
10
15
10
15
10
17
10
17
10
17
14
13
11
11
11
16
17
17
16
17
16
15
11
18
9
11
18
9
11
18
16
9
10
18
11
18
11
9
16
11
7
7
11
7
11
13
13
11
11
7
7
13
13
7
11
11
7
11
13
7
13
14
7
12
12
7
12
14
18
9
18
13
7
13
12
14
12
18
9
12
10
13
12
11
11
9
13
11
9
11
11
13
13
11
13
11
11
14
13
7
13
13
11
12
7
13
13
7
13
14
12
12
13
12
13
7
14
14
11
14
14
13
14
7
14
15
15
11
14
11
12
11
11
11
15
15
11
15
15
15
15
13
15
15
11
13
15
12
12
15
11
11
13
11
10
11
11
10
12
12
15
11
11
11
15
12
12
11
14
11
13
14
13
11
14
11
13
14
13
14
11
14
14
14
15
15
15
15
14
11
14
14
14
13
12
12
13
13
10
13
13
14
12
15
10
15
14
11
12
13
13
13
12
12
13
13
13
11
13
13
11
13
14
10
10
13
14
14
13
13
13
13
13
13
13
13
13
11
13
13
13
13
13
13
14
14
13
13
14
13
14
10
10
14
10
13
11
13
13
13
14
13
14
14
14
12
13
13
13
13
13
10
14
13
12
14
13
13
12
10
14
12
14
11
10
11
13
13
11
13
16
16
16
13
13
16
11
16
10
10
13
12
9
11
13
13
16
17
13
13
13
13
16
10
10
16
15
11
11
15
14
7
7
10
12
12
12
13
13
14
13
13
15
15
10
13
15
14
14
15
15
14
14
13
14
14
13
14
12
15
15
14
16
15
16
11
16
11
12
12
10
10
12
10
12
12
8
12
8
12
10
12
11
12
12
12
8
14
14
12
13
12
12
21
21
14
14
15
18
15
13
13
8
15
8
15
10
15
19
12
10
12
19
9
10
9
9
9
8
8
9
14
10
18
9
9
9
9
9
9
12
14
10
12
10
8
7
12
7
12
12
7
12
11
13
13
7
7
11
20
17
13
11
10
10
17
14
12
14
12
14
13
13
14
13
13
18
17
19
11
16
16
19
16
16
19
17
19
17
11
16
11
17
15
16
11
17
16
16
16
15
15
15
15
10
14
10
15
7
10
14
16
7
10
7
12
7
12
13
12
13
11
12
11
14
14
16
11
14
14
16
14
14
11
7
11
15
11
15
7
7
7
11
11
16
7
7
16
14
14
14
14
7
7
14
14
14
14
14
14
14
14
14
14
14
14
14
14
14
15
14
11
15
15
11
11
15
11
13
13
13
13
13
16
16
16
13
8
8
10
8
12
12
11
16
12
12
10
11
12
10
10
10
10
12
10
11
12
13
12
11
8
11
11
12
10
12
13
12
11
12
10
12
10
10
11
12
10
12
10
12
11
12
10
11
10
12
11
11
11
13
12
11
15
12
13
11
11
15
11
13
13
15
11
16
11
16
11
15
19
16
11
11
19
11
16
7
7
7
7
7
11
7
11
7
7
11
11
11
11
9
11
9
9
9
10
10
10
10
10
10
10
10
10
10
7
7
10
10
10
10
7
10
7
17
14
16
7
14
10
14
7
10
10
10
14
16
16
13
11
11
16
13
11
15
11
15
11
15
15
15
11
15
15
15
15
11
15
15
15
11
11
11
15
11
11
15
15
11
15
13
13
11
15
15
11
11
15
13
15
12
13
15
12
12
12
15
15
15
12
12
12
12
12
14
12
12
14
15
15
13
12
16
16
16
13
16
14
16
14
14
14
16
15
15
15
15
16
16
15
16
16
15
14
16
14
16
16
16
13
12
14
13
14
12
14
15
14
15
14
15
10
13
14
14
15
14
13
13
10
10
10
13
10
10
10
10
13
10
10
10
10
10
13
13
15
13
15
11
16
16
10
11
15
15
9
9
15
18
18
18
18
15
15
15
19
19
19
19
19
19
19
19
19
18
19
16
15
15
18
19
13
14
16
14
19
16
16
16
13
15
15
15
15
15
14
15
15
14
16
15
15
15
15
15
15
19
15
15
15
15
15
19
15
15
16
15
15
16
19
19
13
13
19
19
19
15
15
12
15
19
12
15
12
15
12
15
12
11
12
11
12
12
13
9
9
9
9
14
14
11
14
13
14
19
8
17
17
13
18
11
8
13
19
8
17
18
8
8
18
8
17
18
11
8
8
11
11
12
12
12
12
11
12
12
14
12
14
12
14
14
13
14
13
13
15
14
15
13
13
14
15
15
14
15
15
15
13
13
16
13
10
10
10
13
13
10
15
16
15
14
10
15
15
14
15
15
15
15
16
15
14
14
15
16
10
15
15
15
10
14
30
29
29
28
28
28
28
27
27
27
27
27
27
27
27
26
26
26
26
26
26
26
26
26
26
26
26
26
26
26
26
25
25
25
25
25
25
25
25
25
25
25
25
25
25
25
25
25
25
25
25
25
25
24
24
24
25
25
24
24
25
24
25
24
25
24
24
25
25
24
24
24
25
24
24
24
24
24
24
23
23
23
23
23
24
24
24
24
23
23
23
23
24
24
23
23
24
24
23
23
24
24
24
24
24
24
24
24
24
24
24
24
24
24
24
24
24
24
24
24
24
24
24
22
22
22
22
23
22
23
23
23
22
22
23
23
23
23
22
23
22
22
22
23
23
23
23
23
23
23
23
23
23
23
23
23
23
23
23
22
23
22
23
23
23
23
23
22
21
21
23
22
23
22
23
23
23
22
23
23
23
23
21
23
23
22
22
21
21
21
22
23
23
22
23
23
23
21
21
22
21
21
22
22
21
21
22
22
22
22
21
22
22
21
21
22
22
21
22
22
22
22
22
21
22
22
22
21
22
22
22
22
22
22
22
22
22
22
22
22
22
22
21
21
22
22
25
22
22
25
22
22
22
22
22
21
22
22
21
21
22
22
22
22
21
22
21
22
21
22
20
22
22
20
21
22
20
21
21
22
21
22
24
21
20
21
22
24
22
22
20
20
20
24
21
20
21
23
20
20
21
22
20
20
21
21
21
21
20
21
20
21
21
20
21
21
21
21
22
21
21
22
21
20
22
22
20
21
22
20
21
20
20
21
20
21
21
21
21
21
21
21
21
20
24
21
21
21
20
21
21
21
21
24
20
21
21
24
21
21
21
21
24
21
21
21
20
21
20
21
20
21
21
21
20
20
21
19
21
20
21
21
21
21
20
19
20
19
21
21
20
20
20
21
19
21
21
20
20
23
23
21
21
21
21
20
23
23
23
23
23
23
24
19
19
21
20
24
20
20
20
23
23
20
23
20
20
23
20
19
23
19
20
20
20
20
22
19
22
18
18
19
23
21
19
19
19
23
19
22
22
22
20
22
21
22
19
20
20
20
21
20
19
19
19
20
22
21
18
19
20
19
22
19
18
19
22
18
19
19
22
20
19
18
18
19
21
19
21
20
18
18
18
19
21
21
17
17
18
18
18
18
21
17
21
21
19
18
19
19
18
18
17
17
17
17
18
18
20
20
21
19
19
18
18
20
20
19
19
17
17
17
17
17
17
18
18
22
19
20
20
20
20
16
16
16
16
17
17
17
17
17
17
17
17
20
20
16
16
20
20
20
20
18
18
17
17
18
18
18
18
17
17
17
17
16
16
16
16
16
16
16
19
22
19
21
21
21
21
21
21
18
22
22
18
22
18
17
17
18
22
22
22
18
18
22
22
18
21
22
18
22
21
22
21
18
22
21
21
22
20
18
17
21
19
20
19
21
20
20
21
19
20
20
18
20
19
19
20
17
19
20
22
20
21
21
18
18
20
21
21
20
21
21
17
17
20
18
18
21
21
21
21
21
21
20
21
21
20
21
21
21
18
20
21
21
21
17
17
20
21
21
20
20
21
21
24
21
21
19
21
21
23
17
16
21
21
21
20
21
20
20
21
21
19
21
21
21
20
19
19
19
19
21
20
21
23
21
18
21
16
19
20
19
20
19
22
20
19
16
20
19
20
19
22
18
20
20
18
19
20
18
16
19
21
21
20
20
20
21
19
20
20
19
19
20
21
21
17
19
21
19
20
17
17
20
19
21
21
19
20
19
20
20
19
17
20
20
20
20
20
20
19
19
19
20
20
20
20
20
20
20
20
23
21
20
20
20
20
20
20
23
20
21
19
20
19
16
20
19
21
21
19
19
23
20
20
17
19
17
17
20
17
20
19
20
20
19
19
19
19
18
18
19
20
20
20
20
19
22
17
20
20
20
17
19
18
20
22
20
22
20
20
20
20
20
23
20
20
22
20
22
19
20
23
19
19
18
18
19
19
19
18
16
16
19
19
19
19
19
19
19
18
18
18
18
19
19
19
19
19
19
19
15
19
19
18
18
20
20
20
20
20
19
19
20
20
22
20
18
20
23
20
20
19
19
20
19
19
19
19
19
22
19
19
19
18
18
21
21
16
16
19
19
19
19
20
18
17
17
19
19
21
21
19
19
21
21
19
19
19
19
19
19
19
19
19
22
22
19
19
19
19
21
21
19
19
21
21
18
18
19
19
22
20
17
22
20
20
22
20
19
23
22
15
22
19
18
20
15
18
18
19
19
20
19
18
20
20
20
18
18
15
18
19
18
18
20
20
20
20
20
20
20
20
19
16
19
16
16
16
24
24
17
18
17
17
18
17
23
18
18
20
18
18
23
23
23
23
18
17
21
17
16
16
16
16
17
17
16
16
22
22
17
17
17
17
19
19
17
17
17
17
18
18
20
20
16
16
15
15
15
15
15
15
15
15
16
16
16
16
15
15
22
17
18
18
19
18
17
19
19
16
17
21
17
18
17
17
19
18
23
14
17
20
20
21
21
21
19
18
20
17
17
19
20
20
18
18
21
19
18
19
18
18
18
19
19
18
17
21
18
17
21
16
18
18
14
16
16
18
20
18
18
18
16
21
18
20
15
19
19
20
19
16
13
19
21
19
19
15
14
19
16
21
16
14
17
16
16
17
17
22
16
19
15
15
22
15
16
20
20
16
19
19
15
18
20
15
13
19
20
16
20
19
15
18
15
18
17
19
17
19
18
17
18
17
20
18
18
19
17
16
20
19
19
18
22
18
17
17
20
20
18
20
18
17
20
16
16
17
18
17
16
17
17
15
16
15
20
18
19
13
13
18
16
16
20
19
15
21
21
18
24
15
21
21
17
15
17
17
15
14
19
21
15
17
20
14
20
20
14
19
20
17
15
23
14
14
20
16
14
16
13
17
18
18
15
18
20
20
14
14
16
16
19
19
13
13
19
19
19
19
13
13
18
18
19
19
18
15
18
18
20
20
18
18
15
19
19
15
15
13
13
15
15
12
12
14
18
21
18
18
14
14
13
18
14
13
18
14
18
18
16
16
17
17
17
17
14
14
17
17
12
12
21
14
17
14
20
17
17
19
19
19
19
13
13
13
13
15
15
15
15
18
18
18
18
12
12
12
12
18
18
18
18
18
18
18
18
12
12
12
12
17
17
17
17
18
18
18
23
14
14
17
21
20
17
20
14
20
20
14
14
14
21
21
19
21
19
21
20
20
21
20
18
20
19
19
15
19
21
19
21
20
20
19
20
18
19
19
20
17
20
17
20
19
19
15
18
20
19
19
19
17
17
17
19
19
17
17
19
13
13
13
13
13
13
20
20
20
20
20
20
18
18
20
20
19
19
19
19
20
20
19
19
17
17
19
19
18
18
18
18
14
14
16
16
17
19
19
19
19
19
21
18
19
19
19
15
19
19
20
18
20
19
20
20
19
15
18
15
19
18
18
20
20
18
18
20
20
19
19
19
19
18
18
19
19
17
17
18
18
18
18
19
19
16
16
19
19
16
16
19
19
18
20
19
14
23
18
19
19
15
20
22
22
15
15
19
17
20
20
15
16
23
20
17
19
18
18
18
14
14
17
17
19
19
18
18
18
18
18
18
16
16
16
16
16
16
18
18
18
18
16
16
16
16
18
18
12
12
12
12
12
12
12
12
12
12
12
12
19
19
19
19
19
19
19
19
19
19
19
17
17
17
17
19
19
19
19
18
18
18
18
18
18
18
18
19
19
19
19
18
18
18
18
16
16
16
16
18
18
18
18
17
17
17
17
17
17
17
17
13
19
19
21
17
20
18
15
22
20
14
14
20
14
16
16
20
13
13
13
15
16
16
18
18
18
18
18
18
18
18
18
18
20
20
17
17
18
18
18
18
18
18
15
20
19
19
16
16
17
17
13
13
13
22
22
13
19
19
15
18
22
14
15
17
22
17
19
22
16
15
17
18
18
18
18
16
16
16
19
19
16
17
16
21
16
20
16
22
17
16
16
17
21
17
17
14
17
17
20
13
20
14
17
17
17
22
22
22
16
22
22
18
17
22
17
16
16
16
16
17
20
16
17
17
14
18
21
17
17
18
18
17
18
18
17
15
14
16
15
18
13
15
14
18
17
18
15
13
15
22
18
16
13
18
18
18
20
18
19
20
12
18
12
11
20
15
18
18
18
15
11
17
17
13
18
13
18
16
13
18
18
20
18
18
18
11
15
15
16
22
11
14
15
17
14
14
10
10
16
16
16
16
12
12
17
17
13
18
17
19
21
14
15
16
17
20
17
12
12
12
17
17
15
15
12
12
17
17
17
17
19
19
17
17
15
18
21
19
18
19
18
19
16
17
19
21
15
21
16
12
17
18
15
15
17
20
15
16
15
20
21
17
18
21
17
16
21
19
19
21
21
20
16
16
17
20
20
20
14
16
17
15
18
17
19
21
16
19
16
16
20
18
20
14
20
19
16
20
19
20
14
20
20
19
20
19
18
16
17
14
18
18
16
15
20
18
20
16
20
18
18
20
14
21
16
16
14
15
15
16
16
19
19
16
16
11
11
11
16
19
16
18
20
19
16
21
18
20
22
18
16
19
17
20
19
20
17
15
17
16
20
19
19
19
19
20
15
16
16
14
14
14
14
11
11
11
11
16
15
20
18
14
18
18
20
20
20
19
18
19
17
18
15
21
18
16
16
20
20
18
18
15
15
15
19
19
18
18
19
19
13
13
19
19
19
18
18
19
17
19
19
17
17
17
17
19
19
24
15
17
19
15
20
15
10
10
10
10
15
15
17
19
19
20
19
12
12
14
14
17
15
16
12
17
18
18
17
17
19
19
21
21
17
17
19
19
18
18
19
19
16
18
17
18
18
18
12
19
12
12
21
17
12
19
11
18
14
15
15
17
17
19
19
18
18
15
15
12
21
21
18
18
16
18
15
17
18
17
15
15
19
19
19
18
20
20
23
19
19
19
14
19
20
18
21
19
19
19
23
23
23
23
14
17
16
17
18
18
18
19
19
23
22
23
22
22
22
16
22
22
23
23
22
22
23
22
23
23
23
22
23
23
23
23
23
23
23
23
18
15
18
15
18
18
15
15
13
14
16
14
18
18
16
17
17
17
11
16
17
22
22
21
16
16
21
22
21
21
21
22
22
21
11
11
16
23
20
21
21
23
14
15
13
19
19
23
14
15
20
21
20
20
20
20
19
19
20
20
19
19
16
20
21
19
21
20
19
19
20
19
19
19
20
19
16
16
14
14
17
23
18
14
14
17
20
20
15
23
20
20
19
19
19
14
19
12
23
20
20
20
23
20
20
20
20
19
17
19
9
20
19
19
20
19
20
20
19
20
20
9
20
20
19
20
14
20
18
20
20
11
16
22
19
22
19
17
17
16
20
20
20
22
22
22
22
22
17
17
17
18
16
19
18
11
11
18
18
20
18
19
20
18
19
19
15
19
16
22
18
19
18
18
15
18
18
21
8
1299
1298
1296
1294
1292
1289
1280
1276
1272
1267
1265
1262
1260
1299
1297
1295
1300
1299
1298
1297
1297
1294
1292
1287
1284
1282
1280
1277
1273
1270
1266
1264
1257
1255
1250
1247
1246
1245
1239
1235
1232
1230
1226
1224
1222
1220
1214
1212
1210
1208
1206
1204
1202
1200
1197
1195
1188
1186
1184
1182
1177
1174
1172
1170
1167
1161
1158
1155
1153
1148
1146
1144
1142
1139
1133
1132
1131
1130
1129
1126
1123
1121
1119
1116
1114
1112
1110
1108
1105
1103
1099
1097
1095
1093
1091
1086
1084
1082
1080
1078
1067
1064
1297
